Regresores
0.242667,0.217803,0.366709

Predicciones
2.16997
2.97229
3.19009
3.67542
3.67542
3.23982
3.45762
3.45762
3.91809
3.23982
3.23982
2.94201
3.23982
2.75448
3.91809
3.67542
3.67542
3.91809
3.67542
3.67542
3.67542
3.67542
3.91809
3.67542
2.97229
3.67542
3.67542
3.67542
3.67542
3.67542
3.67542
3.67542
3.67542
3.19009
3.45762
2.53668
3.19009
3.45762
3.67542
3.67542
3.45762
3.67542
3.67542
3.67542
3.67542
3.02201
2.75448
3.19009
1.80326
3.23982
3.91809
2.65531
2.23887
3.23982
3.67542
3.67542
3.45762
3.67542
3.45762
3.67542
3.67542
3.23982
3.91809
3.45762
3.67542
3.67542
3.67542
3.23982
3.70029
2.97229
3.67542
2.53668
3.67542
3.67542
3.19009
3.70029
3.23982
3.23982
3.19009
2.82338
2.53668
3.67542
3.19009
2.75448
3.67542
3.67542
2.87311
3.91809
3.67542
3.67542
3.67542
2.75448
2.82338
3.19009
3.67542
3.67542
3.48248
3.67542
2.82338
3.67542
3.23982
3.67542
3.30871
3.67542
1.43655
3.19009
3.67542
3.91809
2.97229
3.48248
3.19009
3.91809
3.02201
3.67542
3.02201
2.16997
3.23982
3.45762
1.72326
3.67542
3.19009
2.29401
3.02201
2.94201
3.67542
3.67542
3.67542
3.67542
3.23982
3.67542
3.45762
3.67542
3.91809
3.67542
3.67542
3.91809
3.67542
3.67542
3.45762
3.67542
3.67542
3.67542
2.53668
3.67542
3.45762
3.30871
3.30871
3.67542
3.19009
3.67542
3.45762
3.91809
2.97229
2.5753
3.30871
3.45762
2.60558
3.23982
3.67542
2.82338
3.91809
2.5753
3.67542
3.45762
2.53668
3.26468
3.67542
3.67542
2.45126
2.60558
3.70029
3.67542
3.67542
3.91809
3.67542
3.23982
3.45762
3.67542
3.91809
3.19009
3.67542
3.19009
3.67542
3.09091
3.23982
3.67542
3.23982
3.23982
3.67542
2.23887
3.67542
2.81796
3.67542
2.87311
3.67542
3.67542
3.45762
3.23982
3.23982
3.19009
3.19009
3.67542
3.67542
2.94742
3.23982
3.67542
3.67542
3.70029
3.30871
3.45762
2.97229
3.45762
3.67542
3.67542
3.67542
3.67542
3.23982
3.67542
3.67542
3.67542
3.67542
3.91809
2.75448
3.67542
3.67542
3.91809
3.91809
3.02201
3.67542
3.45762
2.97229
3.19009
3.67542
3.91809
3.67542
3.67542
3.67542
3.67542
3.67542
3.67542
3.19009
3.67542
3.91809
3.67542
3.45762
3.45762
3.30871
3.48248
3.91809
3.48248
3.67542
3.23982
3.67542
3.67542
3.09091
2.20859
2.5753
3.23982
3.67542
3.91809
3.45762
3.19009
3.91809
3.67542
3.67542
3.23982
3.67542
2.53668
3.67542
3.67542
3.67542
3.45762
3.67542
3.91809
3.91809
3.91809
2.87311
3.48248
3.09091
3.67542
3.67542
3.91809
3.67542
3.09091
3.30871
3.30871
3.45762
3.91809
3.19009
3.91809
3.09091
3.67542
3.67542
3.67542
3.09091
3.09091
3.67542
3.67542
3.67542
2.16997
3.67542
3.23982
3.67542
3.45762
2.53668
2.82338
3.67542
1.72326
3.45762
3.09091
1.80326
2.97229
3.91809
3.67542
3.45762
3.67542
3.23982
3.23982
3.23982
3.45762
3.67542
3.67542
3.67542
3.91809
2.53668
3.67542
3.67542
3.67542
3.67542
3.91809

