Regresores
0.40392, 0.41264, 0.37156, 0.38567, 0.40392

Predicciones
4.35067
4.80771
4.77121
6.38690
5.96473
3.50631
4.75377
6.75514
7.58042
5.96473
6.77257
4.30006
5.15688
5.06063
6.33629
5.95062
8.38827
5.15688
5.15688
5.19338
7.16778
6.38690
6.77257
4.77121
4.01397
6.01533
6.77257
5.15688
4.78531
5.98837
5.52845
5.15688
8.30612
5.15688
5.15688
6.77257
5.96473
5.94729
5.53465
4.77121
6.31886
5.20749
6.38690
4.77121
4.77121
7.19475
5.15688
7.15368
5.93319
7.14414
7.14414
3.98700
6.40101
7.58042
6.33629
6.77257
4.38553
7.58042
4.78531
6.01533
6.40101
5.52845
6.77257
5.15688
6.77257
3.91895
6.77257
9.13141
7.58042
4.80771
6.77257
3.99986
7.58042
6.38690
5.52845
7.12671
6.33629
5.61556
7.07943
4.31749
3.92849
5.15688
4.78531
4.77121
5.15688
7.58042
7.11260
7.13004
4.78531
5.59316
6.42341
3.99986
3.14761
6.77257
6.77257
6.38690
7.19475
6.77257
8.01670
6.75847
5.17595
6.77257
5.15688
3.12064
4.39964
5.96473
3.50631
4.75044
5.96473
7.58042
6.38690
4.78531
4.78531
5.57905
5.15688
4.77121
3.59343
8.38827
6.75514
4.78531
8.38827
3.99986
6.75847
6.77257
6.73771
5.52845
6.35993
6.33629
6.30476
8.38827
5.15688
4.77121
5.15688
6.33629
5.49358
5.57905
6.01533
7.14414
6.42341
5.09837
7.58042
6.75514
5.14277
6.82318
5.96473
2.77604
2.77604
5.15688
4.78531
6.35993
4.77121
4.01397
5.96473
3.50631
5.15688
4.75710
2.80301
4.77121
4.77121
4.37143
1.97773
3.49221
5.15688
7.12671
3.99986
6.77257
5.96473
6.77257
3.62829
3.62829
3.54739
6.77257
6.35993
6.77257
7.95199
3.99986
4.77121
4.78531
6.00123
5.42887
3.56979
4.31749
5.15688
4.38553
7.56632
7.58042
7.51571
7.51571
5.51434
5.15688
6.38690
6.33629
3.94592
4.38553
6.33629
4.77121
2.77604
5.95062
4.77121
6.75847
3.62829
4.70316
6.77257
7.13004
3.95546
6.82318
4.78531
6.32219
6.77257
4.77121
4.74300
7.12671
5.15688
5.14277
5.96473
6.35993
7.14414
5.15688
4.77121
6.82318
6.82318
3.99986
2.73497
6.77257
5.98837
5.52845
5.52845
5.52845
8.38827
5.96473
5.15688
5.15688
7.16654
4.73634
5.15688
6.75847
9.13141
5.15688
4.77121
7.58042
5.55209
7.88728
6.38690
5.15688
3.50631
5.96473
6.77257
5.12534
5.96473
6.01533
8.38827
5.12201
5.97426
5.15688
5.15688
5.96473
4.78531
6.77257
7.51571
6.35993
5.15688
2.34930
5.57905
6.77257
5.15688
7.14414
5.15688
6.27158
5.15688
3.50631
5.96473
6.77257
3.12064
4.77121
3.54739
5.15688
4.01397
5.53798
5.95062
5.94729
5.15688
5.52845
5.15688
4.38553
5.90001
5.96473
4.33160
5.15688
6.27158
5.24399
5.15688
4.78531
3.49221
4.73013
5.51434
5.51434
4.77121
6.38690
7.14414
4.01397
5.15688
5.96016
5.88591
4.77121
6.77257
5.15688
7.20885
5.06063
5.15688
5.15688
5.88591
5.57905
5.14277
6.40101
6.77257
5.15688
6.77257
6.77257
6.77257
3.60132
7.16778
5.57905
5.14277
5.15688
5.56495
5.96473
6.27158
6.27158
6.27158
5.15688


