Regresores
0.635723,1.40354,0.723738

Predicciones
11.14
4.80226
6.29381
4.16653
6.38169
2.763
4.89027
2.763
4.16653
6.38169
6.33775
7.69734
3.48674
6.20579
6.33775
5.61401
5.43798
3.39872
7.01741
4.93421
6.33775
8.1569
4.67017
10.3281
5.30589
4.89027
2.763
3.39872
6.20566
4.16653
2.763
5.61401
7.60933
4.80226
4.12246
10.3722
9.7366
6.20566
7.06148
4.12246
8.46502
3.48674
4.89027
4.16653
6.33775
4.12246
4.75818
9.73647
8.28899
4.16653
5.52599
7.60919
6.16172
5.52599
6.16172
4.80226
7.69721
4.89027
4.67017
7.01741
7.01741
7.60919
5.65795
4.12246
4.21047
2.763
7.69721
10.3722
6.20579
4.80226
6.84138
4.16653
5.61401
7.78522
6.97347
6.20566
8.28899
4.67017
4.67017
7.56525
8.96879
3.48674
3.39872
4.93421
7.74128
7.69721
8.20098
6.24973
2.763
6.97347
5.61401
4.89027
10.3281
9.69239
4.12246
4.89027
4.89027
9.05667
3.48674
8.92458
8.28899
4.89027
7.78522
4.89027
2.763
4.12246
6.16172
4.21047
5.52599
4.89027
2.763
6.38169
3.48674
5.52599
7.06148
3.48674
3.48674
5.48192
2.763
5.43798
7.60919
4.21047
8.8367
10.5923
6.24973
4.89027
5.65795
6.33775
7.52118
5.65795
4.12246
4.80226
8.46502
4.89027
2.763
4.93421
7.01741
4.12246
7.69721
6.33775
4.89027
5.61401
5.52599
4.93421
6.97347
6.79744
6.79744
2.763
7.06148
7.06148
5.61401
4.21047
2.763
6.33775
4.93421
2.763
6.0737
4.89027
5.52599
3.48674
6.38169
7.06148
3.48674
7.60919
6.88546
7.01755
4.8462
4.93421
6.29367
5.65795
8.96865
4.75818
3.48674
5.65795
5.3939
6.38169
4.89027
4.12246
2.763
8.20098
8.20098
2.763
4.93421
5.52599
11.0079
4.89027
6.16172
6.16172
8.1569
3.48674
5.61401
6.75337
4.16653
3.48674
5.61401
6.33775
9.73647
9.05667
7.60919
4.8462
3.48674
6.79744
7.69721
10.3281
6.29381
4.93421
4.89027
4.80226
4.75818
8.42095
9.05667
7.60919
4.75818
7.60919
4.16653
3.48674
7.01741
8.24492
8.46502
4.93421
4.93421
6.79744
4.16653
4.12246
4.16653
7.01741
7.01741
5.61401
5.65795
6.88546
5.56993
4.16653
4.89027
4.75818
6.29381
6.33775
5.43798
4.12246
4.16653
7.78522
5.43798
4.16653
6.38169
9.10074
7.78522
7.56525
6.29381
6.24973
5.57007
6.29381
4.89027
6.88546
7.06148
5.57007
7.78522
4.89027
4.16653
4.16653
8.24492
4.16653
7.69721
2.763
7.74128
10.4603
2.763
6.79744
4.16653
8.24492
5.57007
4.16653
6.92953
6.92953
6.29381
2.763
7.56512
4.8462
6.75337
6.33775
7.52118
7.01755
5.61401
3.48674
4.93421
4.75818
2.763
4.16653
7.01755
7.43316
3.48674
5.56993
7.78522
9.18876
10.3281
8.46502
5.3939
5.3939
7.74128
4.89027
8.1569
4.12246
6.29381
10.5484
7.43316
2.763
7.56525
6.16172
5.57007
11.1841
7.69721
7.78522
6.29381
4.12246
3.48674
6.16172
4.16653
6.38169
7.56525
7.56525
7.56525
7.60919
2.763
7.60919
4.67017
7.43316
9.56044
4.12246
6.29381
6.29381
6.29381
4.16653

